{
 "cells": [
  {
   "cell_type": "markdown",
   "id": "764a8fd5",
   "metadata": {},
   "source": [
    "### Importing shit"
   ]
  },
  {
   "cell_type": "code",
   "execution_count": 66,
   "id": "09393b37",
   "metadata": {},
   "outputs": [],
   "source": [
    "import cv2\n",
    "import numpy as np\n",
    "import time"
   ]
  },
  {
   "cell_type": "markdown",
   "id": "fe891421",
   "metadata": {},
   "source": [
    "### Loading pic"
   ]
  },
  {
   "cell_type": "code",
   "execution_count": 104,
   "id": "267e196f",
   "metadata": {},
   "outputs": [],
   "source": [
    "image = cv2.imread(\"test3.jpg\")\n",
    "cv2.imshow(\"aaaa\",image)\n",
    "cv2.waitKey(0)\n",
    "cv2.destroyAllWindows()"
   ]
  },
  {
   "cell_type": "code",
   "execution_count": 116,
   "id": "585ccae4",
   "metadata": {
    "scrolled": true
   },
   "outputs": [
    {
     "name": "stdout",
     "output_type": "stream",
     "text": [
      "(257, 386)\n",
      "(257, 386)\n",
      "[[7.68101499e-05 2.36591918e-04 5.67554507e-04 1.06033141e-03\n",
      "  1.54277310e-03 1.74819095e-03 1.54277310e-03 1.06033141e-03\n",
      "  5.67554507e-04 2.36591918e-04 7.68101499e-05]\n",
      " [2.36591918e-04 7.28754412e-04 1.74819095e-03 3.26605068e-03\n",
      "  4.75207570e-03 5.38480723e-03 4.75207570e-03 3.26605068e-03\n",
      "  1.74819095e-03 7.28754412e-04 2.36591918e-04]\n",
      " [5.67554507e-04 1.74819095e-03 4.19369209e-03 7.83484829e-03\n",
      "  1.13996370e-02 1.29174810e-02 1.13996370e-02 7.83484829e-03\n",
      "  4.19369209e-03 1.74819095e-03 5.67554507e-04]\n",
      " [1.06033141e-03 3.26605068e-03 7.83484829e-03 1.46374237e-02\n",
      "  2.12973257e-02 2.41330317e-02 2.12973257e-02 1.46374237e-02\n",
      "  7.83484829e-03 3.26605068e-03 1.06033141e-03]\n",
      " [1.54277310e-03 4.75207570e-03 1.13996370e-02 2.12973257e-02\n",
      "  3.09874261e-02 3.51133540e-02 3.09874261e-02 2.12973257e-02\n",
      "  1.13996370e-02 4.75207570e-03 1.54277310e-03]\n",
      " [1.74819095e-03 5.38480723e-03 1.29174810e-02 2.41330317e-02\n",
      "  3.51133540e-02 3.97886427e-02 3.51133540e-02 2.41330317e-02\n",
      "  1.29174810e-02 5.38480723e-03 1.74819095e-03]\n",
      " [1.54277310e-03 4.75207570e-03 1.13996370e-02 2.12973257e-02\n",
      "  3.09874261e-02 3.51133540e-02 3.09874261e-02 2.12973257e-02\n",
      "  1.13996370e-02 4.75207570e-03 1.54277310e-03]\n",
      " [1.06033141e-03 3.26605068e-03 7.83484829e-03 1.46374237e-02\n",
      "  2.12973257e-02 2.41330317e-02 2.12973257e-02 1.46374237e-02\n",
      "  7.83484829e-03 3.26605068e-03 1.06033141e-03]\n",
      " [5.67554507e-04 1.74819095e-03 4.19369209e-03 7.83484829e-03\n",
      "  1.13996370e-02 1.29174810e-02 1.13996370e-02 7.83484829e-03\n",
      "  4.19369209e-03 1.74819095e-03 5.67554507e-04]\n",
      " [2.36591918e-04 7.28754412e-04 1.74819095e-03 3.26605068e-03\n",
      "  4.75207570e-03 5.38480723e-03 4.75207570e-03 3.26605068e-03\n",
      "  1.74819095e-03 7.28754412e-04 2.36591918e-04]\n",
      " [7.68101499e-05 2.36591918e-04 5.67554507e-04 1.06033141e-03\n",
      "  1.54277310e-03 1.74819095e-03 1.54277310e-03 1.06033141e-03\n",
      "  5.67554507e-04 2.36591918e-04 7.68101499e-05]]\n",
      "(257, 386)\n",
      "(257, 386)\n",
      "[[7.68101499e-05 2.36591918e-04 5.67554507e-04 1.06033141e-03\n",
      "  1.54277310e-03 1.74819095e-03 1.54277310e-03 1.06033141e-03\n",
      "  5.67554507e-04 2.36591918e-04 7.68101499e-05]\n",
      " [2.36591918e-04 7.28754412e-04 1.74819095e-03 3.26605068e-03\n",
      "  4.75207570e-03 5.38480723e-03 4.75207570e-03 3.26605068e-03\n",
      "  1.74819095e-03 7.28754412e-04 2.36591918e-04]\n",
      " [5.67554507e-04 1.74819095e-03 4.19369209e-03 7.83484829e-03\n",
      "  1.13996370e-02 1.29174810e-02 1.13996370e-02 7.83484829e-03\n",
      "  4.19369209e-03 1.74819095e-03 5.67554507e-04]\n",
      " [1.06033141e-03 3.26605068e-03 7.83484829e-03 1.46374237e-02\n",
      "  2.12973257e-02 2.41330317e-02 2.12973257e-02 1.46374237e-02\n",
      "  7.83484829e-03 3.26605068e-03 1.06033141e-03]\n",
      " [1.54277310e-03 4.75207570e-03 1.13996370e-02 2.12973257e-02\n",
      "  3.09874261e-02 3.51133540e-02 3.09874261e-02 2.12973257e-02\n",
      "  1.13996370e-02 4.75207570e-03 1.54277310e-03]\n",
      " [1.74819095e-03 5.38480723e-03 1.29174810e-02 2.41330317e-02\n",
      "  3.51133540e-02 3.97886427e-02 3.51133540e-02 2.41330317e-02\n",
      "  1.29174810e-02 5.38480723e-03 1.74819095e-03]\n",
      " [1.54277310e-03 4.75207570e-03 1.13996370e-02 2.12973257e-02\n",
      "  3.09874261e-02 3.51133540e-02 3.09874261e-02 2.12973257e-02\n",
      "  1.13996370e-02 4.75207570e-03 1.54277310e-03]\n",
      " [1.06033141e-03 3.26605068e-03 7.83484829e-03 1.46374237e-02\n",
      "  2.12973257e-02 2.41330317e-02 2.12973257e-02 1.46374237e-02\n",
      "  7.83484829e-03 3.26605068e-03 1.06033141e-03]\n",
      " [5.67554507e-04 1.74819095e-03 4.19369209e-03 7.83484829e-03\n",
      "  1.13996370e-02 1.29174810e-02 1.13996370e-02 7.83484829e-03\n",
      "  4.19369209e-03 1.74819095e-03 5.67554507e-04]\n",
      " [2.36591918e-04 7.28754412e-04 1.74819095e-03 3.26605068e-03\n",
      "  4.75207570e-03 5.38480723e-03 4.75207570e-03 3.26605068e-03\n",
      "  1.74819095e-03 7.28754412e-04 2.36591918e-04]\n",
      " [7.68101499e-05 2.36591918e-04 5.67554507e-04 1.06033141e-03\n",
      "  1.54277310e-03 1.74819095e-03 1.54277310e-03 1.06033141e-03\n",
      "  5.67554507e-04 2.36591918e-04 7.68101499e-05]]\n",
      "(257, 386)\n",
      "(257, 386)\n",
      "[[7.68101499e-05 2.36591918e-04 5.67554507e-04 1.06033141e-03\n",
      "  1.54277310e-03 1.74819095e-03 1.54277310e-03 1.06033141e-03\n",
      "  5.67554507e-04 2.36591918e-04 7.68101499e-05]\n",
      " [2.36591918e-04 7.28754412e-04 1.74819095e-03 3.26605068e-03\n",
      "  4.75207570e-03 5.38480723e-03 4.75207570e-03 3.26605068e-03\n",
      "  1.74819095e-03 7.28754412e-04 2.36591918e-04]\n",
      " [5.67554507e-04 1.74819095e-03 4.19369209e-03 7.83484829e-03\n",
      "  1.13996370e-02 1.29174810e-02 1.13996370e-02 7.83484829e-03\n",
      "  4.19369209e-03 1.74819095e-03 5.67554507e-04]\n",
      " [1.06033141e-03 3.26605068e-03 7.83484829e-03 1.46374237e-02\n",
      "  2.12973257e-02 2.41330317e-02 2.12973257e-02 1.46374237e-02\n",
      "  7.83484829e-03 3.26605068e-03 1.06033141e-03]\n",
      " [1.54277310e-03 4.75207570e-03 1.13996370e-02 2.12973257e-02\n",
      "  3.09874261e-02 3.51133540e-02 3.09874261e-02 2.12973257e-02\n",
      "  1.13996370e-02 4.75207570e-03 1.54277310e-03]\n",
      " [1.74819095e-03 5.38480723e-03 1.29174810e-02 2.41330317e-02\n",
      "  3.51133540e-02 3.97886427e-02 3.51133540e-02 2.41330317e-02\n",
      "  1.29174810e-02 5.38480723e-03 1.74819095e-03]\n",
      " [1.54277310e-03 4.75207570e-03 1.13996370e-02 2.12973257e-02\n",
      "  3.09874261e-02 3.51133540e-02 3.09874261e-02 2.12973257e-02\n",
      "  1.13996370e-02 4.75207570e-03 1.54277310e-03]\n",
      " [1.06033141e-03 3.26605068e-03 7.83484829e-03 1.46374237e-02\n",
      "  2.12973257e-02 2.41330317e-02 2.12973257e-02 1.46374237e-02\n",
      "  7.83484829e-03 3.26605068e-03 1.06033141e-03]\n",
      " [5.67554507e-04 1.74819095e-03 4.19369209e-03 7.83484829e-03\n",
      "  1.13996370e-02 1.29174810e-02 1.13996370e-02 7.83484829e-03\n",
      "  4.19369209e-03 1.74819095e-03 5.67554507e-04]\n",
      " [2.36591918e-04 7.28754412e-04 1.74819095e-03 3.26605068e-03\n",
      "  4.75207570e-03 5.38480723e-03 4.75207570e-03 3.26605068e-03\n",
      "  1.74819095e-03 7.28754412e-04 2.36591918e-04]\n",
      " [7.68101499e-05 2.36591918e-04 5.67554507e-04 1.06033141e-03\n",
      "  1.54277310e-03 1.74819095e-03 1.54277310e-03 1.06033141e-03\n",
      "  5.67554507e-04 2.36591918e-04 7.68101499e-05]]\n"
     ]
    }
   ],
   "source": [
    "def fn(x):\n",
    "    sigma = 2\n",
    "    return 1/np.sqrt(2*3.1416*sigma**2)*np.exp(-(x**2)/(2*sigma**2))\n",
    "def convolve(arr1, arr2):\n",
    "    #print(arr1, arr2)\n",
    "    res = sum(sum(arr1*arr2)) # Хуйни проверку на одинаковый shape\n",
    "    #print(res)\n",
    "    #time.sleep(1)\n",
    "    return int(res)\n",
    "def blur(side, arr):\n",
    "    diap = np.linspace(-(side - 1) / 2, (side - 1) / 2, side)\n",
    "    d1kern = np.array(list(map(fn, diap)))\n",
    "    print(arr.shape)\n",
    "    newarr = np.zeros(arr.shape, dtype = \"uint8\")\n",
    "    print(newarr.shape)\n",
    "    kern = np.outer(d1kern, d1kern) # np.array(np.fromfunction(fn, (-kside,kside)))\n",
    "    arr = np.vstack([np.zeros((int(side/2),arr.shape[0])), arr.T, np.zeros((int(side/2),arr.shape[0]))])\n",
    "    arr =  np.vstack([np.zeros((int(side/2),arr.shape[0])), arr.T, np.zeros((int(side/2),arr.shape[0]))])\n",
    "    print(kern)\n",
    "    arr = arr\n",
    "    for y in range(int(side/2), arr.shape[1]-int(side/2)):\n",
    "        for x in range(int(side/2), arr.shape[0]-int(side/2)):\n",
    "            sub = arr[x-int(side/2):(x+int(side/2)+1), y-int(side/2):(y+int(side/2)+1)]\n",
    "            #print(sub.shape)\n",
    "            #time.sleep(1)\n",
    "            newarr[x-int(side/2),y-int(side/2)] = convolve(sub, kern)\n",
    "            #print(newarr[x-int(side/2),y-int(side/2)])\n",
    "            #print(x,y)\n",
    "            #print(sub.shape)\n",
    "    return newarr\n",
    "    #np.vstack([np.zeros((1,6)), np.vstack([np.zeros((1,arr.shape[0])), arr.T, np.zeros((1,arr.shape[0]))]).T, np.zeros((1,6))])\n",
    "#blur(5, image[][][0])\n",
    "def blurRGB(image, side):\n",
    "    (b, g, r) = cv2.split(image)\n",
    "    #print(b,g,r,sep=\"\\n\")\n",
    "    b = blur(side, b)\n",
    "    g = blur(side, g)\n",
    "    r = blur(side, r)\n",
    "    #print(b.shape)\n",
    "    merged = cv2.merge([b, g, r])\n",
    "    #print(b,g,r,sep=\"\\n\")\n",
    "    cv2.imshow(\"Merged\", merged)\n",
    "    cv2.waitKey(0)\n",
    "    cv2.destroyAllWindows()\n",
    "    cv2.imwrite(\"test\"+str(side)+\".jpg\", merged)\n",
    "blurRGB(image, 11)"
   ]
  },
  {
   "cell_type": "code",
   "execution_count": null,
   "id": "c3a0af28",
   "metadata": {},
   "outputs": [],
   "source": []
  }
 ],
 "metadata": {
  "kernelspec": {
   "display_name": "Python 3 (ipykernel)",
   "language": "python",
   "name": "python3"
  },
  "language_info": {
   "codemirror_mode": {
    "name": "ipython",
    "version": 3
   },
   "file_extension": ".py",
   "mimetype": "text/x-python",
   "name": "python",
   "nbconvert_exporter": "python",
   "pygments_lexer": "ipython3",
   "version": "3.10.6"
  }
 },
 "nbformat": 4,
 "nbformat_minor": 5
}
